0.6545485221328313
0.9037270902856999
0.10779370727918347
0.23566981825369415
0.8144200824648332
0.9254168120426377
0.4514316483749242
0.28299955896208373
0.7028701383967111
0.5418077149435053
0.313453848995188
0.5230013889622382
0.011431415814720958
0.7262428171701928
0.29052739128240723
0.3689133065940624
0.12467690413821642
0.2771966687639682
0.6249348983092998
0.1409793887600388
0.4872588105552206
0.41501488580358437
0.452685106598686
0.7189168543821244
0.3657585221898336
0.5491066012985343
0.3090593509890477
0.26078627572764435
0.5755678195877773
0.8544145581905334
0.3587875099809561
0.0592187309554173
0.2635308612271884
0.44930748318272296
0.41667966418063185
0.9623982043238882
0.7638328484482595
0.7766097334924136
0.3294228240097533
0.2998936633846474
0.8776300880608808
0.2553039722471171
0.7003848404171532
0.9223796372972878
0.6661737302483988
0.3925121927897197
0.2566500984140304
0.7894803038191238
0.9926868600227553
0.32368128102202753
0.38114492544685186
0.521416816092738
0.6000130385933219
0.18346957074792247
0.46259306658421073
0.46783318865676604
0.4690619490424063
0.8006507183942628
0.752174591242805
0.14112124854209362
0.5673353331196922
0.9574223396171826
0.3581441139286652
0.31176053793315095
0.867324687636177
0.8568261117020548
0.8582975455249495
0.6696344359571692
0.6913298638498082
0.5015575352552547
0.765059013482356
0.7179787910852288
0.02225512411671504
0.4032626322038576
0.7390922909553695
0.48556516977710884
0.4091978023463073
0.41349034764059955
0.014724369401544979
0.7179153899182359
0.4921515678179833
0.4957888353262996
0.9741011467010643
0.4397904783276221
0.9719051756855335
0.943004597759878
0.18687835669808417
0.16889089119595047
0.059224329687404875
0.8846636099903601
0.5183833759001045
0.6046518295155181
0.051662966114989106
0.9263838119327108
0.10156661589079863
0.3162117036159794
0.7068574209964262
0.4165889601797572
0.06669389214113941
0.8100772900364276
0.5079154108518994
0.14536363978639932
0.9276140473896736
0.3707048817675116
0.7495188590589862
0.24611006718146267
0.43456863436131776
0.23616147788714037
0.6126179723388876
0.6927372896905842
0.5208940290142273
0.9962258471501333
0.04110148427020377
0.0634337717291632
0.6945979268103952
0.5817341354203194
0.2855859761608889
0.1766449141290546
0.8556763453541666
0.8516705955110075
0.4374748553983877
0.7956967531162336
0.05616909975060669
0.5784487201487637
0.14069536458755838
0.8455783729495241
0.16233483828364415
0.58202367036095
0.939030119992101
0.48871468607007085
0.7269596651883333
0.8699224142316866
0.3937168386167832
0.9661326422447132
0.6346961939970859
0.9029727839238657
0.1889986429022178
0.32624361520145184
0.24446210724030482
0.5254584208589606
0.9325643074923319
0.03553497643058967
0.8203112260551949
0.6736217453596912
0.2533258799987752
0.9937847607655395
0.015821708090238307
0.7078822390384363
0.10073944756247377
0.6609830540222016
0.056929615323683125
0.10183286808795033
0.8578816004575232
0.8439640477022619
0.05426865540316839
0.26502282225519236
0.9947530584846015
0.18782375856533962
0.5684595631508869
0.4767297337411027
0.5087878478384251
0.5705175940444335
0.15042562118537173
0.26437011134214583
0.32630484727933784
0.40860328133207946
0.08369360923945812
0.07289213277530948
0.17164588489204713
0.34791438360611626
0.966772035605399
0.7404399289872665
0.15000278272457535
0.9350201003808934
0.0910817501833252
0.12077402201488763
0.4354431770399586
0.6436474111936542
0.7935463575228247
0.17437789758018007
0.00740310670054567
0.06481205158060355
0.09283316227917604
0.9878758944749866
0.33692186063075824
0.16022456250478212
0.9543676620977783
0.4753330921519201
0.28815258456062376
0.22560887483551184
0.4716279104528184
0.9652027817183693
0.2711899520835287
0.6138903902983713
0.09985758645754572
0.4831331571658385
0.8590138948744479
0.32778111583485436
0.8332195520288995
0.30353917233211813
0.664356364040717
0.3071101160554408
0.8775441847612999
0.2617918894860797
0.2615556735628354
0.6083169677295894
0.9382103375593038
0.3940720444284125
0.33397121561024656
0.7018471900773474
0.7163285175724161
0.7033805617962106
0.02928837354139624
0.7977582534346326
0.5862798354823252
0.23789339261274056
0.7130524804671169
0.4506653741633353
0.7137958323532344
0.21179427936705397
0.925027000406908
0.6922266039683268
0.06614858597038509
0.598913201454535
0.36348034813558394
0.5926869256825192
0.8646518247155959
0.4859446518969003
0.14926239937341546
0.4625713986057094
0.03455770759593979
0.4847145364762391
0.45454051358553427
0.8714379440400275
0.11856602350653223
0.6719099168609507
0.820321893221797
0.2826702763882045
0.9375459802169628
0.8498815929370819
0.1323975991007913
0.38161213797741567
0.005702871318820857
0.40357387804955414
0.27710081980989176
0.10891406043778429
0.33730551397615904
0.6663323361746673
0.9562801098174813
0.0017844099832021731
0.8182222529331424
0.5012848329849942
0.005146119084216472
0.6929066736502304
0.7578972223414936
0.7551865812312359
0.8271579257245225
0.32010518097750973
0.5860302742495509
0.34806578584116243
0.23687315306191858
0.15941190956727957
0.9131075145559965
0.02470101886783571
0.08469378367842617
0.010007261328598527
0.33506209636905715
0.21290721641342247
0.5266971694943143
0.7315779424760888
0.4297272987645534
0.008802564684479264
0.6982500129947979
0.8629557666821801
0.3663774858220056
0.04067354530080913
0.851860480921948
0.43547079233529384
0.4295345100199719
0.8507508902490156
0.7277315683867934
0.9352731752339389
0.5443506993395292
0.4781546329030909
0.03973676238194401
0.8659483214800914
0.5832616940202848
0.1264615949091794
0.48004672067046283
0.5160698982662846
0.8322359080571465
0.15579365356051766
0.5723935618293263
0.34590574773761873
0.4998295255034543
0.1520215104898951
0.036966948196141436
0.873312438228017
0.5633892803578859
0.49462234716265496
0.0691945382917879
0.060923856024290846
0.5641277847008596
0.6699268599428215
0.0801665326090496
0.9850598265528929
0.18642905490386996
0.5579350417081897
0.9982222312469411
0.0013514965533978351
0.5866249017437274
0.058576022920534654
0.18922409480225588
0.7128996778883001
0.4726149987352284
0.7172328887263649
0.4173031370118505
0.7938533356577839
0.8780874359616975
0.45954781560684865
0.038366403301813734
0.12461548425259761
0.42372806789521156
0.151969131347222
0.795415992491431
0.7544540822774618
0.6126906074182631
0.4671966875983854
0.16773632586877407
0.9231157779871757
0.36873211994578814
0.4526270182946627
0.21526448328196413
0.74511072981169
0.5928011060612456
0.27509615295082523
0.25496588985723645
0.18865704779211312
0.9874983691727286
0.8466615188656342
0.5077959842814732
0.6658437458127251
0.778713720516139
0.42386158251346706
0.06283576331959739
0.891391163371355
0.24987426248110667
0.8168358486724235
0.11944719962592376
0.6644586225609025
0.19662275113016192
0.544883473499854
0.48880241297079885
0.8812688129966797
0.508377727550539
0.1314845796095523
0.7628980642338278
0.395889086076711
0.08810933951291977
0.744502852409316
0.39217425845331855
0.31233019380411553
0.232798135974969
0.5562340383484544
0.15211540707757032
0.9131929966299025
0.41442646149247775
0.5231597260815092
0.12471784804670616
0.7084141536582725
0.12498541724405421
0.7667115358534299
0.3724671647693314
0.022232469269299338
0.07886244006126508
0.3740458719203531
0.9404756658360487
0.12731694244186242
0.6021082416078692
0.23177466121327794
0.6866888020421131
0.18206923998276392
0.48046406212893766
0.455793321653702
0.7105763943174961
0.13043203237619372
0.8866627896383693
0.08679172779668798
0.8274829884840664
0.2831066495487954
0.2624013253977745
0.983729837115732
0.6188192499058078
0.5149021130758502
0.19151315318919782
0.2665049104995947
0.07753382302817824
0.8850094569537372
0.368253952953998
0.23423224813064092
0.7638135207958572
0.015314460173019517
0.7382448930178627
0.41700699072922365
0.6877168567211893
0.7464327128750281
0.7695020818702036
0.30670958428399264
0.8434543509483493
0.43197122279893485
0.5971126711119943
0.3563632404424514
0.43428619782322353
0.7285910019620249
0.4775013602698389
0.037746460878371524
0.34751644354407096
0.8927653891736411
0.5868635053354537
0.10340950344423872
0.3658198678056114
0.4046992322607702
0.7032244493669826
0.7119386583102596
0.9341463924008034
0.20569419165838687
0.7227166016889042
0.7442578040980852
0.040704729551291785
0.957316228360167
0.27804972372590797
0.46395166063860327
0.9160355903686966
0.5090408073793997
0.9507813788558425
0.6560407726222605
0.8059422382816624
0.19562256737625272
0.6988787415705899
0.5163336082942471
0.0320540581197879
0.6762558997105107
0.15719451366883042
0.8574260010569267
0.9180562396567136
0.7746635045701039
0.4108633752461859
0.6476140789012129
0.9301274478212683
0.18257002808673717
0.6902576743209898
0.5054318053404182
0.5568839985170904
0.9485886586840632
0.19102425561903502
0.5352195029584866
0.0371376619657261
0.3903682553694544
0.883856837012726
0.8080753660187634
0.03303189878175805
0.4399194900563319
0.7460414279677905
0.8677368742224545
0.7416287085486202
0.4603583304125528
0.3204447112977086
0.8723847006749754
0.7397768266065584
0.25687583181668905
0.8874987315911945
0.3710568074078098
0.06509901517717764
0.34556339507059863
0.82186729647795
0.2573056864713513
0.6501946847679132
0.5407927381913796
0.8978629571473039
0.142927327375588
0.24766144332135476
0.5751707795629138
0.40631596765213784
0.25103531021982883
0.4102971919379963
0.7756589772751545
0.9504791970921301
0.9404493753709278
0.9238521880381537
0.785268036600266
0.6996864192408636
0.14231241652770255
0.3289581838476294
0.9418083354409618
0.6968634655842417
0.315045692150698
0.8143698267316788
0.20349727899918368
0.5396252908982022
0.005197287895939984
